$ANSIBLE_VAULT;1.1;AES256
33643331373132396166333265363738636363386530393739373662626237313362356136633333
6335616435323162383164336634353062386437623536660a383234643164373864633639366536
64303331313538363365373662366438386636376562653931316162336264356231393663653534
3066666130623365640a333361306633323636373137383062373232613163656338306663643563
37386538393563613364333736643934656638616439343263663662623065666337353633646664
34616336326439363637343333313065346337653932633765316563363431313534613162326535
39353134373262613265306562346638343865313038386532643865633538663462343138343533
36336264363436326366623837373064303836343336333131356163643139613765386563333037
66336436663564363464303265663464346136313230336630343731393335383633646366336539
37323632623862663237636361353530383932343761353566306362653131653730383230633239
38636430326564636533363938383630653432346531646337633138343139386239323463623363
39303037313761343063636664663864633662386262373433366533326365656236353762653365
65333437626334343063333038666263636163373565323332636261623537653337663836393935
33613333653030636465646564636663376438633137663232646132383234393533663538376365
66623634386463316630363761343561376636616530353234663730303463353665376366386336
30653232656432656665643032636135356132363139336434323531383061383233393538366237
66386130373237343235616564376663643863333537333935313634323136653462613634666563
31636134333962626662633833353935666462386664616363643839353138623934333439323737
39616336383462633362393539323461366462313635396431363031643165383236313434633133
65643565653064333264363636396139393038636437373162343836313230656234343035393361
66336537633839633364623339316561383136356436356464373936643536346266653762363263
36393764336236346634393365666432663465643461373133313738363531313931346537363430
30656433323833613438333261646532666133626236393561653731613931316330623665363761
33613761373262383339643139323466393663376530393166306165343033336565303131303831
35383333663834323662376236666234313233383162353562323265313134653930666434376430
39323339306663653966663431353566323766616439646636643666663261613035613136323938
33353534633835626465346332303834373539616464323337616436303637653861653639623637
65633262623166613734663164383732313463353762663938393563646466643634313639306237
36623763356634336263346365366361306635353566613239666239323537316138346430636136
65323438366635393066373863336164343265643537356432303364366262383861373636386430
39656133613032393633313363623366626431393431333730663431386635333138313930636536
65663534616664316466613461323835663362616438626133616331343633376135353333313137
31356636656339373430343135313465333462343264636362333034373663613234373065343063
63306537363537303464666130303934346664653264326266353936383662363561333337363237
64643339313936313739346265376364616331636337656336303839656239333139633062653737
61326634396130656463636335353265643162333536383638356363633134643663646630663764
34356164356263646233613535366666383862613139383636666563326166626638396437613534
63366638643166666563633039646439313539306236393738333030383837333438383664336330
32613162333932326135363962323438636531313834633432336463646435306630396639346362
31386337636534646331333934613265333739306562626133383265663138376531336564646361
62643333333137306665326537663966336661636635616436333263323864373165393338636262
32353434306363373366386633393635383736353832396338633639623363383531616665386265
31333334353539346637343137323232373764656565613566333435366264323137383435336266
35333562356635633564376237356463346265343538616562396237626561353839336138353435
31616437393463326264373265666333306565376436376333373130653462333064383832613932
33616666366532336538363839376561376263656133626565323537383862646462356335313436
66346138383061333061656337393331386635616361346435373237346461373461353839313635
63396435343865623262373165363533323765636663363462333233653838616162343261373333
31336233366532336535666164623363313663666138386633356535353833653861316139343565
30656561393666663735316536333962666138663938393964623235333666386336613531373465
39323832633438363235346464613137623435306634303866306233376431626331613161366235
37396438623464323534373536316237326563323536626133643535343334313139343363623761
31363034616533333164376338396335623130343736653963653739383133613662343162323766
36666662643336616261643666626539336334353330663734653465633531393038313030646237
64626665613939326633626537363166636332336162326139383634623733356461613631326264
39613561643562303366343932653732333463333164396434393838653066623634383461316237
38383263343362643961383237613036386138313530383836336636653362306138303832303830
39313162626231616264336236633134333561373132336466663964616163363138626463646266
31386439303161623933663832396466646166653266383038323461663835336330626431663137
36613830373062323161386432623338353266656263346432336633363637643730633732313632
33353466386465653039663463333635343336393166623362353937343866346231623262303637
36306536343363396533656463653830373637623039353235613333616462366565336238343636
61613733643363396137666662613864326332326137363162353362393537636230303339363061
34393664373363393739383364323838643839326432336231633734373937326365396234346365
31376534356635383762656437363237663561323432383835666231666630333166366130376263
32396463653438376335353466326266373332333233363166616638643863663961343562393634
65383663323732313465343034343134663365336633306363663762643435666531393866333334
61323032316562336663346166336134386662343465333162633566303533343961303936303533
35626237373962646465613363336364613630376530393366643964316162363264353139316566
65636534376532396566373232653833373764363233306266353634633165373831633235306337
65326635393833383530363039626364386665353964613862313737326637636566653939643339
32396661643634363664316230636363366631333236636364396135653862346231646462626465
33343136613230316564333362343332613737393534643938363133356162386464656261666466
66353130626235383134393131303638376330643131313034346235633130303334343238646539
32643862353438353365313063643237356466323330326439313266353461653731393163356531
65663637333966316430386433633866366464383733666632666664636432346234376662303837
63373766323231336163383930323266656430373139323532353964643862326631383466396566
32353838393965316561373539633230646635356431343061343663323663656639333739373439
35383964323038343365353362316237383764653030616265363036336137323834316630343439
66333564323734613031306630616561303261653465633562363536303633663033356230656231
35663934343731393335633963376230343532383638323461623832633232386464353131656465
31393639646338333663663961666265663132393836653465313630643563303039613462363062
63323065633761393037623563336530363130616331363866613532363230303163323436353661
32653131376533336462316363303731343137663663313333313865633236633965383064363833
64646231613336633030323339323166326334346537646364653934333836613565353963333130
33353334346237383565343964313164613133666133663635626665333331373530663262303865
35626438333133326633666335633830363235346466386639393065343834376166326534353964
32383662613065623332
